Do you want to execute: 
         1 - Local search algorithm for all files (Best Improvement)
         2 - Greedy algorithms for all files
         3 - Local search algorithm for a specific file (Best Improvement)
         4 - Greedy algorithms for a specific file
         5 - local Search algorithm for all files (First improvement)
             Option (index of the option): Running tests...
File Analysed ->  test1.dat
Greedy Solution 1: 
Selected Columns: [132, 142, 50, 208, 156, 125, 129, 130, 100, 41, 242, 181, 261, 69]
Total Cost: 843.93
Greedy Solution 2: 
Selected Columns: [222, 103, 194, 179, 58, 10, 22, 99, 190]
Total Cost: 557.86



File Analysed ->  test2.dat
Greedy Solution 1: 
Selected Columns: [390, 108, 291, 300, 23, 430, 87, 301, 251, 95, 429, 431]
Total Cost: 726.67
Greedy Solution 2: 
Selected Columns: [431, 444, 93, 489, 62, 144, 187, 427, 46, 66, 400]
Total Cost: 690.03



File Analysed ->  test3.dat
Greedy Solution 1: 
Selected Columns: [588, 293, 176, 103, 265, 57, 581, 4, 416, 194]
Total Cost: 599.57
Greedy Solution 2: 
Selected Columns: [228, 345, 289, 10, 585, 95, 311, 323, 369, 255]
Total Cost: 655.6499999999999



File Analysed ->  test4.dat
Greedy Solution 1: 
Selected Columns: [211, 296, 316, 57, 76, 292, 395, 194, 448, 242, 219, 110, 307, 326, 81, 364, 183, 266, 254, 381, 60, 235, 287]
Total Cost: 1459.6300000000003
Greedy Solution 2: 
Selected Columns: [287, 245, 74, 280, 294, 131, 178, 42, 262, 375, 445, 499, 479, 77, 235, 277, 360, 324, 145, 179]
Total Cost: 1324.2



File Analysed ->  wren1.dat
Greedy Solution 1: 
Selected Columns: [325, 310, 447, 210, 299, 246, 358, 250, 236, 330, 398, 207, 55, 354, 235, 116, 242, 75, 249, 279, 359, 126, 201, 201, 201, 201, 1]
Total Cost: 14381.0
Greedy Solution 2: 
Selected Columns: [316, 356, 330, 253, 200, 249, 55, 432, 349, 244, 131, 530, 250, 361, 49, 75, 1, 201, 126, 329]
Total Cost: 10678.0



File Analysed ->  wren2.dat
Greedy Solution 1: 
Selected Columns: [5110, 5019, 1426, 5038, 5479, 1941, 454, 315, 609, 5452, 993, 445, 4991, 240, 5086, 5054, 5094, 5051, 1753, 780, 4979, 5387, 122, 5075, 4302, 4746, 2703, 5250, 160, 5070, 5144, 4529, 4493, 5230]
Total Cost: 17234.0
Greedy Solution 2: 
Selected Columns: [283, 5042, 3070, 324, 3638, 475, 1793, 1012, 2762, 5486, 669, 230, 5109, 5091, 5076, 5086, 153, 5147, 4677, 5070, 5136, 5049, 133, 626, 5083, 2087, 59, 4830, 4935, 5008, 270, 219, 5144]
Total Cost: 17513.0



File Analysed ->  wren3.dat
Greedy Solution 1: 
Selected Columns: [654, 4939, 278, 686, 1964, 126, 1275, 4584, 452, 2729, 862, 4609, 4532, 4644, 4686, 4543, 4020, 4406, 4633, 4670, 3538, 4500, 4272, 4347, 4655, 4447, 4526, 4824, 3390, 4881, 4809, 1980, 119, 4723, 4936, 153, 3340]
Total Cost: 18308.0
Greedy Solution 2: 
Selected Columns: [291, 189, 4832, 4903, 399, 4923, 2748, 666, 483, 2756, 4673, 4696, 3116, 4551, 4623, 4365, 3924, 4574, 4641, 149, 4545, 4115, 4632, 644, 4652, 4593, 95, 1410, 4155, 3339, 1768, 1777, 203]
Total Cost: 17879.0



File Analysed ->  wren4.dat
Greedy Solution 1: 
Selected Columns: [220, 4185, 3749, 4300, 2066, 4461, 2199, 1389, 1886, 1839, 3920, 51, 4350, 2631, 3367, 3826, 1862, 2108, 937, 4086, 4526, 3113, 1490, 3988, 647, 3809, 1309, 1032, 1041, 1947, 3592, 179, 2092, 1248, 140, 1077, 2445, 3930, 3272, 1171, 4034, 176, 536, 982, 3899, 3470, 2612, 508, 3396, 829, 4224, 409, 2271, 1290, 2925, 2389, 520, 2429, 2757, 289, 595, 142, 1756, 1103, 302, 4250, 3107, 684, 228, 718, 576, 18, 2326, 2976, 3026, 2552, 2886, 3511, 1804, 2775, 1815, 730, 553, 243, 2735, 1534, 3868, 3356, 915, 858, 3385, 2651, 2538, 2246, 2555, 1377, 28, 754, 2346, 1167, 1272, 2965, 4444, 3328, 1783, 1152, 282, 2808, 3454, 1789, 2893, 1479, 210, 133, 2728, 3003, 4374, 247, 1895, 1276, 2056, 2217, 3364, 465, 987, 654, 1439, 2784, 161, 2624, 608, 1015, 2630, 2870, 4439, 2, 602, 602, 2047, 2047, 1802]
Total Cost: 72045.0
Greedy Solution 2: 
Selected Columns: [4194, 4427, 247, 2199, 3528, 2347, 2066, 938, 1552, 3259, 3988, 3069, 4057, 46, 1389, 1482, 3112, 2019, 567, 1081, 2174, 183, 284, 2651, 855, 3716, 1017, 2259, 2830, 3878, 84, 4450, 3559, 3809, 3982, 966, 1338, 1860, 4096, 3531, 181, 536, 1184, 3658, 209, 745, 939, 1990, 4136, 609, 308, 1100, 2395, 474, 4366, 1167, 33, 2710, 2755, 3009, 2326, 2759, 2612, 291, 4439, 263, 248, 897, 3616, 1273, 134, 2738, 2124, 3719, 516, 2776, 3205, 1801, 4514, 1679, 527, 1235, 3189, 553, 1815, 3104, 684, 142, 601, 3500, 663, 3364, 790, 2689, 2704, 2630, 161, 974, 1833, 2265, 1895, 4100, 3006, 133, 1233, 3450, 2483, 1783, 4444, 2833, 2555, 2538, 4211, 2735, 3403, 718, 3121, 1802, 2047, 2870, 119, 2624, 425, 2536, 2217, 1732, 2687, 2893, 1530, 1151, 1807, 2085, 1534, 4505, 4567]
Total Cost: 70897.0



